  669.8202515    0.4479781    0.2712851    0.3649554    0.4373660    0.4903184    0.4717467
  672.0000610    0.5962725    0.3485731    0.5064932    0.5771167    0.6529750    0.6109535
  674.0200195    0.6951208    0.4509991    0.5886962    0.6572968    0.7711996    0.7182575
  676.2701416    0.8362169    0.5301763    0.6901062    0.7785912    0.9431859    0.7809969
  677.5392456    1.1383278    0.7777735    0.9692932    1.0575856    1.2744561    1.0338588
  680.0598145    1.2578245    0.8736256    1.0536858    1.1330067    1.4412286    1.1251217
  682.1049805    1.4832343    1.0693936    1.2338182    1.3197167    1.7122461    1.3680003
  684.1138306    1.7542336    1.3125153    1.4643468    1.5474346    2.0314465    1.5877473
  686.0989990    2.0353448    1.6231079    1.7171144    1.7934724    2.3464863    1.8515356
  688.1146240    2.6485686    2.2150989    2.3306301    2.3933949    2.9725227    2.4379420
  690.1450806    3.5348845    3.1858907    3.2926149    3.2983093    3.8187270    3.2952380
  692.2030640    4.7564969    4.8142629    4.7773051    4.5932503    4.8847113    4.4063015
  694.1203613    6.5324111    8.0612812    7.3466358    6.6274033    6.1408219    5.9300466
  696.1607056   10.6697178   17.3818665   14.1212997   11.5656366    8.5757504    9.1605873
  698.1979980   19.8462105   42.8033409   31.3637238   22.7656231   12.8741846   15.7859764
  700.1797485   42.1428032  108.9320068   75.1269150   49.4924812   22.9466629   31.6610641
  702.1013794   88.6405869  236.9734192  164.6017761  103.8631897   46.2986946   67.9620895
  704.1146851  166.2252655  415.2820129  301.1845398  193.6676331   91.7987137  132.0474548
  706.1453247  275.7455750  600.1066895  467.2377014  319.0606079  168.7278442  233.1048431
  708.0468750  403.8229065  725.0328979  618.3054199  461.3865051  279.6294861  365.7144775
  710.0287476  528.1659546  770.0006714  714.5829468  589.0664673  413.9883118  504.0521545
  712.0031128  627.0487061  777.5438232  754.1276855  677.2592163  543.0098267  614.9019775
  713.8201294  697.8261108  786.0932007  771.3776855  730.2309570  646.2749634  690.7054443
  716.0156860  737.6276245  797.6478271  782.7309570  754.8452759  707.7904663  727.8349609
  717.9686890  754.4705811  807.2606201  792.1880493  765.0286255  732.5538330  741.1854248
  719.9348755  757.8308716  809.5031128  797.3339844  768.3521729  735.6126709  742.1848145
  721.9381104  757.8511353  806.8862305  798.2004395  770.1378784  734.1522827  741.5798340
  724.0516357  759.3279419  804.9019775  796.7296753  771.8446655  736.4003296  743.4146729
  725.8595581  766.6940918  810.3749390  799.9603882  777.3951416  746.4182129  751.6273804
  727.9343872  773.5727539  815.1217041  804.5211792  782.2425537  755.7221680  759.1442871
  729.9993896  775.6326904  813.6055908  806.4160767  784.2287598  758.1638184  761.4774170
  732.0416260  772.5467529  808.1368408  803.8164062  782.8923340  753.6751709  758.4961548
  734.1694336  768.6211548  806.4150391  800.5525513  780.1450806  748.4270630  753.3412476
  736.1095581  766.9940186  810.1377563  799.8224487  778.1157227  746.5087891  749.9431152
  738.1430664  770.0610352  816.7329102  803.9335938  779.9791870  750.0681152  751.5203857
  740.2422485  775.0255737  819.1572876  808.6019897  784.3932495  755.7653198  756.7331543
  742.1483765  779.2745972  817.2071533  810.5114746  789.0167847  760.7352905  762.5664673
  744.2608032  779.8629150  813.6440430  808.3235474  789.9700928  761.9949951  764.4608154
  746.1929932  779.2277222  814.4421997  806.7931519  789.0162354  761.7263794  763.1958008
  748.1638794  777.1630249  816.7249146  805.9580078  786.2135620  759.6537476  759.7484741
  750.2351685  778.5977783  820.3627319  809.2446289  787.2241211  760.8380127  760.0708008
  752.0943604  779.0626221  818.2769775  809.8800659  787.9963379  761.2033691  760.9013062
  754.2314453  780.6717529  815.4274292  809.8721313  790.2594604  762.9913940  763.7078857
  756.1280518  778.3822021  810.8526611  805.7270508  788.2471924  761.0833130  761.9940186
  758.1249390  773.4846802  808.1492920  800.6521606  783.2096558  756.1740112  756.2019043
  760.0834351  761.2287598  800.4014282  789.9553223  770.5728760  743.5189209  742.4790039
  762.0788574  763.4053345  806.7088013  794.8002319  772.9622192  744.5648193  743.4230957
  764.2860718  764.9125977  808.8327637  797.9079590  775.1048584  745.1112061  744.4913330
  765.5829468  768.8970947  811.0037842  801.8258667  779.7260132  748.7165527  748.7680664
  767.8493042  770.7764282  810.2988281  802.1653442  781.9542236  750.8666382  751.2945557
  769.9710693  771.8677979  809.9160156  801.3993530  782.5513916  752.9263916  752.3626709
  772.0647583  773.3790283  811.0445557  801.2907104  783.0585327  755.6964722  753.2528076
  774.0680542  776.0283813  812.9036255  802.6716309  784.6586304  759.5910034  755.5620117
  775.9191284  779.2578125  814.6518555  804.8496094  787.2828979  763.6940308  758.9886475
  778.0600586  782.8864136  817.0668335  807.8880005  790.9780273  767.5006104  762.9559326
  779.9111328  780.7457886  814.7345581  805.9208374  789.2736816  764.9664307  760.9517822
  782.0157471  781.5112305  816.6771851  807.4614258  790.4012451  765.1511230  761.2504883
  783.8510132  778.7476807  813.8944092  804.9020996  787.4512329  762.4984741  758.0697021
  786.0211792  779.6264648  812.3799438  804.6948242  787.6743164  764.3739014  758.9266357
  787.9664917  780.1898193  808.2659912  802.9373169  787.6140137  766.3756104  760.5129395
  790.0597534  775.2225952  799.4669800  796.0205078  782.5942993  762.2124023  756.3281860
  792.0164185  770.3013916  794.7192993  791.4804077  778.5032959  756.4873657  751.3464966
  794.0679932  763.2670288  792.6127930  787.4205933  772.7494507  747.2872925  742.8425903
  796.1462402  753.7907715  789.7933960  781.4920044  764.0581665  735.7919922  731.2795410
  798.1008301  753.0067749  793.1660156  782.5878906  763.1495361  734.3455200  728.6364746
  800.0703735  755.8947144  794.9772949  784.2273560  764.9274292  738.5473633  731.1357422
  801.8826294  759.9660034  794.2516479  784.3750610  767.9633789  744.7908325  736.6114502
  803.6166382  770.9427490  800.9832153  792.1060181  778.0494385  757.6147461  748.9971924
  805.5236206  765.8197632  792.4436035  784.9941406  772.8328247  753.3071289  745.6890869
  807.5803223  768.6439209  798.1181030  789.8053589  776.7179565  754.5454712  748.5583496
  809.5725708  764.7501221  799.2327881  789.7346191  774.0757446  748.3041992  743.6118164
  811.5417480  752.9957886  790.4931641  780.4762573  762.6788940  735.4248657  731.0076904
  813.5085449  763.5027466  798.8220215  790.1355591  772.5887451  746.8052979  741.1779175
  815.4636230  767.0866699  794.7716675  788.9386597  774.7005005  753.3540039  745.9747314
  817.4632568  763.0251465  782.2460938  779.0932617  769.4776611  752.2965088  743.9528809
  819.4270020  763.0398560  778.9572754  776.3535156  769.3328247  753.3535767  744.1555786
  821.4039917  753.2652588  773.0722046  768.4502563  760.6238403  741.9345703  733.1212158
  823.9796753  748.8372803  780.8726807  770.9900513  757.9071655  733.4657593  724.3728638
  827.2735596  747.5630493  784.3910522  771.8884277  756.2546387  731.6229248  721.2254028
  829.6041870  761.8264160  793.6107788  782.9169922  769.1239014  748.2182617  736.3263550
  831.3280640  773.0928955  796.8789062  789.4782104  779.1573486  762.2587891  749.6804810
  833.5441895  764.9951172  783.2296753  778.8379517  771.1574097  755.1124268  743.9298096
  835.3522949  775.6763306  795.5613403  791.7749634  783.4538574  763.7717285  754.3941650
  837.5681763  761.4721680  787.2535400  782.1892090  771.0236816  746.5220337  738.5744629
  839.4057007  762.7134399  794.9684448  788.0478516  773.5368042  745.0969849  737.7550049
  841.6071777  762.7746582  798.8109131  790.5083618  773.3834229  744.4777832  736.6833496
  843.5623169  761.1295166  796.4865723  789.7783813  770.7163696  743.5327759  735.4907227
  845.6010132  771.2633057  805.4114380  802.5433960  779.6062012  754.1907959  744.9294434
  847.5775757  779.1119995  815.5568237  817.8474731  786.0582275  761.2827759  751.2187500
  849.6094360  781.8670654  825.0791016  835.6010742  787.7855835  760.8444214  755.4631348
  851.6561890  783.5350342  813.0979614  861.5903931  793.9822998  754.0422974  783.7740479
  853.4844360  673.3325806  601.8623047  734.3580933  692.3747559  648.5242920  711.5953369
  855.6197510  455.1485901  303.0490112  472.2664490  476.9244080  444.6899414  520.2717285
  857.4353027  234.0193481  120.0368576  221.8817139  245.5051117  236.1309052  282.8264160
  859.5385132   94.8274002   44.9622574   84.1548233   97.8596954   98.6929398  114.3436050
  861.5208740   34.3725281   17.3484020   30.6113453   35.2725449   35.8338928   40.4009094
  863.4843140   13.5738049    7.9312420   12.7196074   14.1742992   13.7110453   15.6145134
  865.4243774    6.0997076    3.9501290    6.0227046    6.5661621    5.8931341    6.7542481
  867.2837524    2.6351247    1.7727971    2.6949615    2.9648955    2.4106369    2.7449331
  869.4192505    1.6431477    1.1295898    1.7546574    1.9270270    1.4178401    1.8532624
  871.3595581    1.1436869    0.9094499    1.2670547    1.3653818    0.9461116    1.2955146
  873.4373779    1.1314167    0.9272888    1.2719532    1.3409574    0.9376884    1.0716696
  875.4061279    0.2278727    0.0143239    0.1588910    0.2509673    0.2215700    0.0212228
  877.3881226    0.7766641    0.7078531    0.9225407    1.0153644    0.5464797    0.7532102
  879.4381104    0.6191034    0.5111619    0.7671019    0.8598770    0.3851539    0.5415474
