  334.3881531   13.1159754   14.9193401   12.9944801   13.5692520   12.6209469   11.8891964
  351.3750305   10.4428415    5.5369930    5.9228439   10.9263220   11.7609034    6.2561026
  360.5543823   57.5749512   51.3325958   53.7494011   60.1195602   56.8192177   52.1873589
  370.6617126  131.4530334  124.0968246  127.7605362  136.0873871  128.9914856  121.6402969
  380.8257446  207.3084106  205.5954590  206.2650146  213.7149048  202.2867279  194.0117950
  390.7212830  287.2714233  295.2164307  289.5999451  294.4453735  280.0516663  272.5832520
  398.9730225  333.5329285  347.0621948  337.6300964  340.6076355  325.5428162  318.4461060
  410.1068420  379.9730835  396.7498169  384.9743958  386.3646545  372.0911560  365.5852051
  421.0042114  418.8024292  435.7258606  424.4893799  424.5470581  411.2934570  405.4709473
  429.5612183  456.5747986  471.9060669  463.3465271  462.0125427  449.1942749  444.2659912
  440.5947571  490.7957764  505.0800171  499.5727234  496.3018799  482.9682007  479.8215637
  449.6809692  519.1937866  533.6433716  530.7850952  524.9706421  510.4620972  509.6027832
  460.0300903  542.8569946  560.2813721  557.6455688  548.9716187  532.8555908  534.6003418
  469.1604614  563.2857666  584.8590698  581.2777100  569.7271729  551.9293213  556.2292480
  480.5275879  581.1570435  607.4166870  602.1036987  587.7440796  568.6150513  575.1478882
  489.0402222  595.3421631  625.7291260  618.6402588  601.8910522  581.9555054  590.1660156
  499.8517761  608.0878296  641.5721436  632.9611206  614.4287109  594.2628784  603.3521729
  509.1992798  620.8867188  656.7543335  646.7175293  626.9006348  606.9252319  616.3468018
  520.4190063  634.5676880  671.8675537  660.7255249  640.1757812  620.7589111  629.8880615
  529.5665894  650.4082642  688.1601562  676.5901489  655.5683594  636.9364014  645.2513428
  538.8436890  663.9293823  701.1763916  689.6525269  668.6550293  650.9713745  658.1505127
  549.9874878  677.4226685  713.5321045  702.4910278  681.7454834  665.0468750  670.7021484
  559.4880981  688.7006836  725.4157715  714.7292480  696.0567017  673.4949951  681.6138916
  571.3232422  698.7429810  734.0084839  724.0587769  705.8601074  684.0193481  690.4434814
  579.6369629  710.9198608  745.0123291  735.5712280  717.8759155  696.5802002  701.2294312
  589.5733032  722.6310425  755.8808594  746.7855835  729.4773560  708.5673828  711.3947754
  598.5504761  730.4899292  763.1700439  754.1593628  737.2535400  716.6548462  717.7035522
  609.6494141  740.5356445  773.0013428  763.9331055  747.2637329  726.8112183  726.0582275
  619.7579956  749.5313110  782.0772705  772.6913452  756.2821045  735.8372192  733.3048096
  628.7066650  755.4697876  788.1307373  778.4165649  762.2316284  741.8077393  737.3867188
  640.9618530  762.5364990  795.5876465  785.3303833  769.3391113  748.8452759  742.6152954
  650.3332520  769.2554932  802.6949463  791.8906250  776.1192627  755.5197144  747.5181885
  659.9531860  772.9471436  806.7264404  795.3845825  779.8422241  759.2048950  749.5247192
  668.4263306  778.3101807  812.4445801  800.5686646  785.2784424  764.5206299  753.1730957
  681.2005615  780.5321655  814.8117065  802.4348755  787.5131836  766.8040771  753.6914062
  689.2968140  782.8709717  817.2402954  804.4360352  789.8626709  769.2061768  754.3328857
  699.6537476  785.6493530  820.0426025  806.7692261  792.6443481  772.0848389  755.6286011
  709.0703735  795.2138672  831.0397339  822.9768066  802.8640137  779.4210205  782.2358398
  719.4461060  793.5985107  828.9687500  820.6581421  801.1757812  778.0678101  779.2471924
  730.7031860  792.2535400  827.0774536  818.4965820  799.7488403  777.0272827  776.5715332
  739.5226440  795.0472412  829.5172729  820.7066040  802.4912109  780.0297852  777.9354248
  749.2111206  794.1666870  827.9367065  819.0099487  801.4987183  779.4910889  775.9187012
  759.1849976  788.4992065  821.3390503  812.3041992  795.6385498  774.3029175  769.2962646
  766.8775024  790.7283936  822.9086914  813.8709106  797.7651978  776.8261108  770.6189575
  780.4971313  791.6619263  822.9145508  813.8370972  798.5461426  778.1884766  770.6125488
  790.4607544  789.2067261  819.4892578  810.3699341  795.8898315  776.2172241  767.2797852
  799.3543091  789.7195435  819.0442505  809.9771118  796.2247314  777.1687622  766.9951172
  808.2863770  789.6171265  817.7483521  808.9704590  795.9209595  777.5423584  766.0205078
  817.8225708  788.5556030  815.6965942  807.0023804  794.6543579  776.9448242  764.3654175
  830.6022949  789.3100586  815.5219727  806.8491211  795.2213135  778.1432495  764.5191650
  839.5070801  792.8646240  818.2590942  809.6050415  798.6201172  782.0808105  767.5748291
  849.2969360  798.5334473  822.9818726  814.4997559  804.1826782  788.0957642  772.6308594
  859.4538574  821.6871338  848.8569336  846.6213989  830.0968628  806.5991211  806.2736206
  869.0546265  824.7264404  850.9752808  848.8982544  833.0113525  809.9953003  808.8463135
  878.8275146  823.2893677  848.4997559  846.6166992  831.3326416  809.0411377  806.9658203
  887.9212646  829.7232666  854.3463135  852.5434570  837.6921387  815.7039795  813.0802002
  900.5572510  829.9468994  853.8125000  852.1889038  837.7053833  816.2998047  812.9377441
  909.5697021  827.6346436  850.8874512  849.1721802  835.1495361  814.4070435  810.3188477
  919.1719360  821.4190063  843.9718018  842.1296997  828.6718140  808.6624756  803.5251465
  928.6743774  801.3663330  823.0956421  820.9417114  808.1610718  789.3267212  783.2846680
  938.0391235  731.6299438  750.6842041  748.3511353  737.2147827  721.4922485  714.2754517
  949.3226318  698.0411987  717.0059814  713.6894531  703.0972290  688.6087036  681.1044922
  958.5841064  704.2151489  726.2435303  721.2800293  709.4873657  694.0272827  686.9613037
  965.4067383  679.7556763  704.1253052  697.4050293  684.8557129  669.3914185  662.5891113
  979.8353271  637.1850586  663.1173096  655.0446167  641.9263916  626.9516602  620.6138916
  989.1701050  570.2167358  596.2398682  587.5221558  574.3803101  560.5935059  555.4012451
  999.2338257  495.4910278  520.2228394  511.9247131  499.1463013  486.6026001  483.0769348
 1008.6244507  404.3711548  426.2185669  419.0657959  407.5006714  396.5616455  395.3820496
 1018.6974487  308.6472778  326.7802734  321.1231995  311.2633667  302.0839539  303.3264771
 1028.8186035  218.1499176  232.4777679  228.2207031  220.2107391  212.9190063  216.2200928
 1038.8338623  134.7295837  145.2544556  142.1529388  136.2307587  130.8917694  135.4318542
 1047.7108154   96.9936752  105.1655884  102.8478165   98.2783737   93.8920593   98.7222214
 1072.7481689   51.2361755   56.4114914   54.8718109   52.0115318   49.3211212   53.1544151
 1079.8651123   36.9753990   40.9368210   39.7491646   37.5721207   35.5089417   38.7402496
 1097.6483154   18.1077003   20.3397408   19.6305752   18.4322090   17.3007069   19.1528816
