  334.4730225   16.2141991   18.2214375   16.3518734   16.7231026   15.5953045   15.0929089
  351.1197510   47.7496452   45.1236572   45.8335304   49.2658119   47.1281204   44.4893494
  360.4117126   93.7816238   87.3341599   90.9371414   96.6389313   92.5474625   88.4358215
  370.5885620  170.1690369  162.5580444  167.8322296  175.3107452  166.9805603  162.0145264
  380.8657227  243.5949707  242.1199036  244.5020599  250.7256775  237.4849548  234.3018799
  390.8433838  304.7415771  312.5974121  309.0833130  312.7571411  296.3454590  295.7288818
  399.0895691  357.3205566  371.3227539  363.8532715  365.3046570  347.9537354  349.2523499
  409.8283997  408.4598694  425.6548157  416.2047424  415.7760620  399.1199341  401.8818359
  420.7254944  450.7423401  467.7075500  459.2857666  457.4009705  441.7873840  445.8779907
  429.1651611  490.7503967  506.1674805  500.7207947  497.1558838  481.7944336  488.0765991
  440.0791931  529.5498047  543.9531250  541.8759766  536.0281372  520.0577393  529.1272583
  449.6917114  558.6665649  574.0019531  574.1699219  565.5251465  548.0331421  560.9365845
  460.1122437  584.3462524  602.7889404  603.4833374  591.6465454  572.2420654  588.8491211
  468.9729614  606.5150146  629.4039307  629.2666626  614.1923218  592.8932495  612.9190674
  480.3464355  625.8768921  653.6714478  651.8812866  633.7520142  610.9388428  633.9075928
  489.5441284  640.7712402  672.9652100  669.3275757  648.6394653  624.8926392  649.8869629
  500.0303650  654.9831543  690.6767578  685.3043823  662.6589966  638.5773315  664.8900757
  509.3915100  668.9751587  706.9908447  700.3688354  676.3163452  652.4173584  679.3477783
  520.4949951  683.4923096  722.7214355  715.3212280  690.4217529  667.0834351  693.9765625
  529.2304688  700.8702393  740.3928223  732.7728882  707.3604126  684.7918701  711.1616211
  538.9424438  715.9617310  754.8203125  747.4230347  721.9981079  700.4213867  725.7840576
  549.9494629  730.6233521  768.3720703  761.4562988  736.2358398  715.6764526  739.7801514
  559.3086548  743.0880127  781.6688232  775.1428223  751.9148560  725.0769043  752.0155029
  569.6140747  754.2421265  791.5164185  785.5715942  762.8295898  736.7062378  762.0720215
  579.7897949  767.6822510  803.9311523  798.3983765  776.0972290  750.5167236  774.2170410
  589.1516113  779.9351807  815.4562988  810.1315918  788.2319336  763.0482788  784.9869385
  598.3516235  788.8129883  823.7731934  818.5236816  797.0290527  772.1534424  792.2556152
  609.9580078  799.6309814  834.4434814  829.0280762  807.8408203  783.0619507  801.3912964
  619.6915894  809.3567505  844.2896729  838.5690918  817.5899048  792.8021851  809.3920898
  628.8082275  815.6106567  850.7340088  844.6000366  823.8765259  799.0654907  813.7686768
  640.6631470  823.8229980  859.3518066  852.7091675  832.1569824  807.2126465  820.0864868
  649.3517456  831.3109131  867.2901001  860.1137085  839.7362061  814.6082153  825.6567383
  659.6326294  835.3605957  871.6469727  863.9701538  843.8352051  818.6380005  827.9066162
  668.8934937  841.3048096  878.0250854  869.8020020  849.8610229  824.5056152  832.1357422
  680.6798706  844.2362061  881.1671143  872.4118042  852.8433228  827.4533691  833.2389526
  689.6883545  847.5443115  884.6505127  875.3928223  856.1936646  830.7888794  834.7797852
  699.7239380  850.0426025  887.0871582  877.4252319  858.7037354  833.3914795  835.6285400
  708.9693604  860.5911255  899.0642090  895.1147461  870.0392456  841.4841309  865.2348633
  721.3751831  859.1659546  897.1323242  892.9365845  868.5274048  840.3495483  862.3489990
  730.5186157  857.3499756  894.7053223  890.2511597  866.5881348  838.8892212  859.0361938
  739.4813232  860.4904175  897.4591675  892.7078247  869.6772461  842.2641602  860.8385010
  749.3126831  859.3560791  895.5809326  890.6478882  868.4058838  841.5216675  858.4088135
  759.1797485  853.0028687  888.2199097  883.0876465  861.8317871  835.7178345  850.7844238
  766.9429932  856.2340088  890.8101196  885.6274414  864.9633789  839.2460938  853.0966797
  780.0000000  856.0521851  889.4986572  884.2962036  864.5822144  839.5913696  851.8205566
  790.5930176  853.9917603  886.3629761  881.1483765  862.3070679  838.0517578  848.7805176
  799.4559937  854.1454468  885.4966431  880.2532349  862.2539673  838.7067871  848.0017090
  808.3907471  852.4368896  882.3333130  877.3288574  860.2886353  837.6149902  845.5084839
  817.4787598  853.8997192  882.7626953  877.8347168  861.5504150  839.5538330  846.0848389
  830.3963013  853.1886597  880.9420776  876.0913086  860.5851440  839.3861084  844.6953125
  839.4380493  856.8364868  883.6292725  878.9302368  864.0386963  843.4644775  847.5445557
  848.8119507  859.6225586  885.3974609  880.8023071  866.6404419  846.7012329  849.6777344
  859.5723877  889.9849854  918.6250000  920.9826050  900.1406250  871.8831177  891.8372803
  869.2963867  890.0882568  917.6253052  920.1439819  900.0102539  872.4909668  891.6925049
  878.7578735  891.1546631  917.6955566  920.4630737  900.8777466  873.9796753  892.0870361
  887.4004517  895.2434692  921.0422363  923.9487305  904.8163452  878.3942261  895.9593506
  900.5942383  896.8753662  921.8581543  924.8955078  906.2821655  880.3922119  897.0871582
  909.7915039  895.4444580  919.6241455  922.6834106  904.5857544  879.4312134  895.0601807
  919.1483154  887.8268433  911.2623291  914.1898804  896.6212769  872.3709106  886.8689575
  929.1723633  864.8094482  887.3651123  889.8335571  873.0505981  850.2041016  863.0260010
  937.6274414  792.2095337  811.8820190  813.7349243  799.1132202  779.7814941  789.8240967
  949.0602417  755.2420654  774.8801880  775.5010376  761.5327148  743.6310425  752.5329590
  958.7788086  759.8275757  782.7981567  781.5006714  766.3523560  747.4245605  756.7640381
  965.4085693  734.6791382  760.2509766  756.9285278  741.0507812  722.0658569  731.4589844
  979.5961914  687.8679810  715.1802979  709.9988403  693.7775269  675.5354614  684.4503174
  989.6465454  615.5689697  643.1445312  636.8191528  620.7638550  604.0260620  612.2244873
  997.6662598  533.7120361  560.1463013  553.5099487  538.2476196  523.1566772  531.2863770
 1008.7969360  435.6031494  459.0112610  453.0730896  439.4545898  426.4093933  434.8228760
 1018.5446167  332.4230957  351.7395020  347.0273743  335.6326294  324.7655334  333.5366211
