  499.5820923    0.2020991    0.1838787    0.1828529    0.2027285    0.2075259    0.2293532
  502.1082458    0.2021438    0.1924940    0.1915257    0.2104145    0.1984258    0.2247527
  504.0583191    0.2275858    0.2286178    0.2232800    0.2254578    0.2303125    0.2455579
  505.9606628    0.2444290    0.2337875    0.2493115    0.2436647    0.2447594    0.2257373
  507.9299316    0.2425571    0.2366636    0.2471263    0.2432160    0.2413887    0.2306606
  509.8838806    0.3064018    0.2926621    0.3005767    0.3089096    0.3067360    0.2930076
  511.8799744    0.2937645    0.2788905    0.2818709    0.2882258    0.3023993    0.3001997
  513.8191528    0.3182259    0.2932223    0.2951218    0.3149967    0.3283459    0.3341768
  515.8018188    0.2936308    0.2372641    0.2566238    0.2939618    0.3064803    0.3030506
  518.0147705    0.3361018    0.2757225    0.2923242    0.3323052    0.3543393    0.3329900
  519.9841309    0.3473258    0.2603366    0.2930613    0.3297839    0.3817066    0.3371164
  521.9969482    0.4311252    0.3257830    0.3536704    0.3871187    0.4947157    0.4040596
  523.9598999    0.4861282    0.3304943    0.3630184    0.4053116    0.5954413    0.4472526
  526.0077515    0.5856417    0.3625402    0.4062053    0.4712979    0.7417676    0.5355792
  528.0393677    0.6918834    0.4003209    0.4417453    0.5487800    0.8942627    0.6291892
  530.0115356    0.8178957    0.4240853    0.4904804    0.6610750    1.0580434    0.7743530
  532.0507202    0.9198315    0.4371240    0.5018371    0.7688326    1.1833551    0.8886670
  534.0634155    1.1422467    0.5146232    0.6344773    0.9789348    1.4486420    1.1334388
  536.0713501    1.3854235    0.5643833    0.7674682    1.2138913    1.7398448    1.4187808
  538.0586548    1.6673516    0.6950015    0.9682290    1.4795622    2.0664454    1.6833930
  539.9064331    2.1144700    0.8836948    1.2996160    1.8860472    2.5953238    2.1211514
  542.1522827    2.6616786    1.1793587    1.7082030    2.3851676    3.2354224    2.6587591
  543.6994629    3.4509940    1.7220340    2.3413017    3.0883799    4.1534343    3.4079471
  546.1758423    4.3953018    2.4838500    3.1600361    3.9457283    5.2149191    4.3179007
  548.0810547    5.4536190    3.5238829    4.1610885    4.9433346    6.3393373    5.3392782
  550.1408691    6.8969445    4.8671904    5.6097455    6.3280606    7.8386607    6.7169847
  552.1600952    8.6039267    6.5648398    7.5037708    8.0178967    9.5168209    8.3691311
  554.1337891   10.6962442    8.8215332    9.8167162   10.0610018   11.5858250   10.4200497
  556.0744019   13.4962826   11.9599400   12.8055372   12.8389893   14.3334990   13.2409363
  558.0391235   17.3465862   16.0767555   16.8555622   16.7757092   18.0430508   17.1865234
  560.0546265   23.4928684   22.7056217   23.5306530   23.3382931   23.6760559   23.6500549
  561.9337769   38.2124596   40.1689377   40.6089935   39.8097229   36.1484375   39.7856750
  563.9523315   91.8977432  112.3446350  105.5686035   99.6286774   80.5591660   97.3440018
  565.9140015  264.8528442  359.5995178  307.3469543  274.9411316  238.9176178  260.5581055
  567.8624878  532.8029175  618.2087402  572.3108521  534.4912720  515.3852539  518.7080688
  569.9210815  658.5961914  681.6459961  681.9094849  663.0391235  647.5565186  659.9760132
  572.0002441  677.9158936  702.6641846  704.0333862  683.5100708  665.1132202  679.1176758
  574.0556641  683.5486450  706.8765259  708.4357300  689.3858032  670.9415894  685.5701904
  576.0197754  690.7290039  715.3145142  715.1591797  698.0873413  676.8483276  696.1640625
  578.1252441  695.4896851  729.1600342  725.2368164  703.1431885  679.3970337  700.9604492
  580.2150269  699.2926636  735.3681641  730.4475708  706.9648438  682.6641235  704.6440430
  582.3005371  706.7760620  739.0241089  736.8467407  715.0823975  690.1685791  712.9253540
  584.3202515  709.0313721  739.7495728  739.3224487  716.8252563  692.9233398  714.5372314
  586.3993530  708.0324707  737.8812256  738.2257690  716.3052979  691.6121216  713.9991455
  588.4052734  703.9393921  737.0871582  735.4909058  712.2041016  686.9473877  708.8730469
  590.3869019  705.7260742  740.0935669  736.6907349  713.3840332  689.2882690  709.4971924
  592.4219360  711.2017212  742.5275269  740.2996216  718.8996582  695.4076538  715.0929565
  594.3983765  714.8507080  745.3181763  744.0403442  722.2528687  699.3522339  717.3806152
  596.3250122  714.3370972  744.5638428  742.9365845  721.4411621  699.2473145  715.8690186
  598.1882935  715.5889282  745.1571655  743.0191040  722.9630737  700.5980225  717.1256104
  600.3516235  719.0537109  749.9730835  747.2465210  726.4232178  703.7811890  720.2796021
  602.3312378  724.1712646  755.7911987  753.0797729  730.9522095  709.1718140  724.7734375
  604.4208984  726.7561035  755.3031006  754.2185669  733.4619141  712.4015503  728.0795898
  606.3595581  727.4914551  754.8361816  754.6930542  734.7979736  712.7857666  729.5396729
  608.2568359  725.9742432  756.3581543  754.1661987  732.6961060  711.2900391  726.9543457
  610.3201294  726.9840698  757.4248657  753.6904297  733.2878418  712.9978638  727.4867554
  612.1990967  731.7663574  761.4556885  757.7458496  738.7671509  717.4227295  732.7717285
  614.1477051  736.5962524  768.6101074  764.4426880  743.0457153  722.0955200  736.1992798
  616.1170044  738.8494873  770.1583252  766.1275024  744.7641602  724.9882812  738.0792847
  618.1248169  741.3742676  769.9470215  767.3402710  748.1671753  727.2962646  741.1652832
  620.0980835  741.2401123  771.1636963  768.1489868  747.9530640  726.9022827  740.2803955
  622.0974731  741.7733154  771.9949341  768.2582397  748.2476196  727.7130737  740.4447021
  624.0856323  743.7329102  774.4539185  770.4434204  750.8653564  729.0250244  742.3059082
  626.0040894  743.1759644  776.9932861  771.7224121  749.5394897  728.4416504  739.9888916
  628.0858765  745.7895508  777.5770264  772.4978027  751.6968384  732.0311890  742.4946289
  630.1006470  748.8839722  777.4262085  774.0136108  755.8441772  734.8635864  746.9748535
  631.9378052  749.7184448  781.2171631  776.8663940  756.1472168  735.4401245  746.2987061
  634.2189331  749.9631958  781.8557129  776.3261108  755.6389160  736.4735107  745.7500000
  636.1804199  753.6223755  783.0269165  778.3765259  760.2241211  739.9257202  750.4011230
  638.3855591  757.1897583  788.2182617  783.4260254  763.8435669  742.9721069  753.1709595
  640.4098511  757.5177002  789.2899170  784.1625977  763.6702271  743.5688477  752.6419678
  642.4106445  758.2633667  789.1086426  784.6497192  764.9172363  744.0250244  753.7471924
  644.3620605  758.2135010  790.4945679  785.7084351  764.7438965  743.7063599  752.9634399
  646.3393555  757.8381958  789.6378784  784.5972290  764.1884155  743.6931152  752.1962891
  648.3316650  758.9397583  789.1802368  784.6858521  765.9904785  744.5651855  753.7463379
  650.2604980  759.6127930  792.2553711  786.7166138  766.3422241  745.0017090  753.2748413
  652.2969360  759.1107178  793.1748047  786.0628052  764.9837646  745.1455078  751.5260010
  654.2995605  762.7640381  794.7882690  787.9392700  769.0349731  749.0417480  755.6619263
  656.3237915  766.7877197  798.5245972  792.2450562  773.4447632  752.6962280  759.7493896
  658.2341919  767.1489868  799.7091064  793.2660522  773.4442139  753.1423340  759.5212402
  660.1611938  768.2489624  800.0831299  793.9406738  774.8507690  754.1406250  760.7448120
  662.0928955  767.6414795  800.7506104  794.5043945  774.5733032  752.8798218  759.6763306
