  539.4406128    1.8238629    0.7338369    1.0781127    1.6298306    2.2484233    1.8859212
  542.2616577    2.4837015    1.1095998    1.5840759    2.2404656    3.0082314    2.5024385
  543.6994629    3.1836195    1.5991665    2.1301062    2.8654947    3.8239982    3.1654377
  546.2390747    4.0897651    2.3501632    2.9008856    3.7064273    4.8291488    3.9617200
  548.1953735    5.0398974    3.2904143    3.7978036    4.6056457    5.8355017    4.9259124
  550.2606812    6.3723674    4.5611010    5.0840220    5.8956447    7.2195086    6.2434034
  552.2374268    7.9297938    6.0928440    6.7508602    7.4368129    8.7669144    7.7563415
  554.1395874    9.8273869    8.1619873    8.7727594    9.2798767   10.6677809    9.6012802
  556.1442871   12.4690456   11.0975981   11.5120935   11.8942442   13.2864113   12.2377796
  558.0751953   16.0548553   14.9081078   15.1545305   15.5446491   16.7868118   15.7007942
  560.0544434   21.7719612   21.0535622   21.0590858   21.6307564   22.1150951   20.8656635
  561.9911499   35.7489548   37.7403717   35.9353523   37.1980438   34.3271255   31.7059937
  563.9490356   86.7881927  108.1497040   91.4484253   93.5920486   78.2796402   68.3203354
  565.8994141  248.3114471  344.8923950  269.9277344  255.4007568  229.6729279  194.0517578
  567.9064941  495.5976562  578.0231934  518.8651733  494.7531433  484.3703308  445.4313049
  569.9208984  610.7527466  633.2379150  626.6215820  613.8168335  602.6716919  595.9102783
  572.0615234  628.2984619  652.2522583  648.2011108  632.6499634  618.0678101  615.0996094
  574.0656128  634.8753662  657.2099609  654.0689087  639.6503296  624.5812378  623.0562744
  576.0195312  641.2653198  664.7564087  660.0142212  647.5729370  629.6928101  632.3601074
  578.0975952  645.5624390  677.7540283  669.2810669  652.0057983  632.0236206  636.1466064
  580.1882935  649.4940796  683.8385620  674.3886108  655.8995361  635.5421753  639.8444824
  582.3594360  655.6892700  686.0053711  679.7152710  662.7615356  641.6953735  647.3977051
  584.3623657  657.8018188  686.6533203  682.1289062  664.4008179  644.2509766  649.4155273
  586.4102173  657.3280029  685.4276733  681.5064087  664.4411621  643.4374390  649.1834717
  588.4411621  653.7307739  685.0859985  678.9981079  660.7528076  639.4051514  643.9312744
  590.4255371  655.1395874  687.9439087  679.7236938  661.5071411  641.4135742  643.9404297
  592.3818970  660.6497192  690.2859497  683.6452637  667.1430054  647.4396362  649.9544678
  594.3477173  663.5664673  692.2637329  686.8107300  669.7206421  650.6574707  651.8911743
  596.3115845  662.3790283  690.8465576  685.0205688  668.2319946  649.8837891  649.5495605
  598.1954956  663.9596558  691.9379883  685.4996948  670.0812988  651.5354614  650.9525146
  600.4606323  666.0468140  695.3452148  688.2632446  672.1625366  653.3646851  652.6476440
  602.4531860  671.2952271  701.2891846  694.1948242  676.8809204  658.8449707  657.6674194
  604.3898315  672.7664795  699.6972656  694.3941040  678.3704224  660.8400269  660.1649170
  606.3595581  673.5255127  699.0706177  694.9429321  679.7079468  661.2697754  661.6901855
  608.3397217  672.1923828  700.6010742  694.3102417  677.8065796  660.0263672  659.0913086
  610.2392578  673.6132202  702.1755981  694.1943359  678.7738647  662.1795044  659.7879028
  612.2804565  679.4987183  707.2811279  699.7058716  685.3140259  667.6617432  665.9711914
  614.1994019  682.6765747  712.9415283  704.6965942  687.9925537  670.6396484  668.2487793
  616.1200562  684.4246216  713.8641968  705.7531128  689.2231445  673.0513916  669.6779785
  618.1398926  686.6127319  713.2684326  706.8840942  692.2749634  674.9786377  672.5565186
  620.1006470  687.3350830  715.3234863  708.4429321  692.9490356  675.4399414  672.5074463
  622.0617676  687.0070801  715.2707520  707.5905151  692.3395386  675.4515991  671.6340332
  624.0007324  688.3759766  717.0534668  709.2260742  694.3098145  676.2173462  672.8056030
  626.0399780  689.3997803  721.1604614  711.9276733  694.6183472  677.2075806  671.8957520
  628.0654907  691.5582275  721.4543457  712.3452759  696.3428955  680.2884521  674.2473755
  630.1008301  694.6309204  721.2290039  714.1798706  700.4425659  683.0448608  678.8079834
  631.9210815  694.5612183  723.9335327  715.8691406  699.8601685  682.7760620  677.4825439
  634.2586670  695.9424438  725.8325195  716.4567871  700.5156250  684.9158325  677.9072876
  636.1874390  698.0526123  725.4976196  717.0951538  703.5031738  686.8241577  680.8833008
  638.3515015  701.1484375  730.1240234  721.6640015  706.6367798  689.4215088  683.2854614
  640.3785400  701.5646362  731.3146362  722.3526001  706.5943604  690.0993652  682.9839478
  642.3715820  702.3934937  731.2524414  722.9751587  707.8771362  690.6637573  684.1281128
  644.3800659  702.1558228  732.3419189  723.7390137  707.4819336  690.2192383  682.9443359
  646.3151855  701.5311890  731.2487793  722.2526855  706.6936035  689.9719849  682.0471191
  648.2543945  702.5652466  730.7492676  722.4260254  708.4105835  690.7535400  683.5878906
  650.2606812  702.5476074  733.0465088  723.6430664  708.0865479  690.5214233  682.3222656
  652.2256470  703.2893677  735.3115234  724.1953735  707.9838257  691.9008789  681.7569580
  654.2352905  705.1316528  735.1062622  724.3557739  710.1909790  693.9920044  684.1044312
  656.2648926  709.5367432  739.1127930  729.1967773  714.9853516  697.9966431  688.8129883
  658.1205444  710.1241455  740.5211182  730.4225464  715.2482910  698.6437378  688.9224854
  660.1024170  710.6461182  740.4014893  730.6076660  716.0180054  699.0863037  689.6276245
  662.0826416  709.8966675  740.6551514  730.9238281  715.5879517  697.7379761  688.2466431
  664.0652466  708.7299805  742.2629395  730.8335571  713.9052734  696.5357056  685.4948730
  666.0970459  709.4238892  742.4710083  730.2423706  714.3645630  697.7676392  686.1375732
  668.0043945  712.1862183  742.8514404  731.5507202  717.5093384  700.7362061  689.5802002
  669.7683716  716.4009399  746.7298584  735.9201660  721.7955322  704.8810425  693.5313721
  671.9999390  714.9197388  745.6458130  734.7306519  720.1966553  703.3994141  691.8684082
  674.0241699  714.7750244  745.8959351  734.9353638  720.1881714  703.0263672  691.5755615
  676.2534180  714.2753296  746.1862183  734.8546753  719.5792847  702.4587402  690.4781494
  677.5392456  712.3440552  744.2373047  732.3805542  717.4521484  700.8215332  687.9469604
  680.0572510  714.8305664  746.0867310  734.1420288  720.1087036  703.3851318  690.5282593
  682.0694580  714.5096436  745.9713745  734.0117798  719.8883667  702.9188232  690.0449219
  684.1243896  716.0712891  747.9648438  735.9110718  721.2931519  704.4985962  691.1630859
  686.1009521  715.5715332  746.5042725  734.8972168  720.7581177  704.2250977  690.4642334
  688.1016235  715.7155762  745.6459351  734.7144165  721.1823120  704.2888184  690.5454102
  690.1433105  713.3739624  743.8069458  732.7389526  718.9027710  701.7683716  687.8187866
  692.2153931  713.2322998  744.2061768  732.6047974  718.5247192  701.7826538  686.7704468
  694.1535645  710.4376221  740.9555664  729.3305054  715.9426270  698.9575806  683.8972168
  696.1198730  710.9921875  742.2599487  730.3859253  716.8054810  699.0751953  684.2572632
  698.1798706  709.3886108  741.3996582  728.8789673  714.3395996  698.1176758  681.6127319
  700.1632080  710.9448242  740.3693848  728.8756714  715.9014282  700.2393799  683.8499756
  702.1009521  719.5009155  750.0110474  744.9259644  726.3922729  705.3151855  710.0676270
  704.1041870  716.2600708  750.2583618  744.9711304  723.0217285  701.1372681  705.0227051
  706.1007690  708.2791748  742.5449829  739.4626465  717.6506348  690.3529663  698.1591797
  707.9913940  692.4808350  736.2400513  735.1689453  704.9359741  668.5033569  680.5722656
  710.0382080  669.9423218  722.3043213  719.8671875  676.1789551  648.8302612  646.9266357
  711.9797363  648.3735352  685.8237305  698.6546021  671.8435669  613.8171387  647.6234131
  713.8202515  541.6495972  669.9322510  686.9064941  590.5894165  456.1473694  542.1932373
  715.9757690  302.2406616  595.4197998  539.9532471  318.6096191  209.5127411  248.1506653
  717.8641357  112.0726471  340.2749329  264.1881409  107.7252350   62.0480461   75.2822723
  719.8595581   34.7002411  121.6307983   88.2436829   31.4440804   18.0290680   21.9914322
  721.9693604   10.4327602   35.1675797   25.1178265    9.4090910    5.9005637    6.7997656
  724.0032959    3.6720800   10.2317190    7.5521321    3.5266047    2.3673010    2.8589115
  725.8775024    1.7535914    3.5095520    2.8918171    1.8440956    1.2717438    1.7045351
  727.9974976    1.0860975    1.6762333    1.5250912    1.2131590    0.8293898    1.1336653
  729.9679565    0.7940844    1.0113150    1.0158104    0.9154332    0.6225622    0.8867758
  732.0498657    0.6408417    0.7330859    0.7543970    0.7545947    0.5109785    0.7391005
  734.1404419    0.5426425    0.5600705    0.6067759    0.6570942    0.4296868    0.6475002
  736.0155640    0.5224663    0.4854593    0.5831800    0.6386887    0.4130918    0.6874006
  738.1430664    0.4985977    0.4716280    0.5668172    0.6119877    0.3890583    0.6324825
  740.1593628    0.5190858    0.4761627    0.5790430    0.6426472    0.4041653    0.6667901
  742.1483765    0.4905097    0.4340515    0.5422494    0.6064458    0.3850136    0.6091701
  744.2726440    0.4497690    0.3935821    0.4970349    0.5701374    0.3415674    0.5857894
  746.1796265    0.4722577    0.3866673    0.5289455    0.5881043    0.3679579    0.5833908
  748.2031860    0.4633787    0.3762225    0.4991439    0.5890364    0.3558522    0.5765554
  750.2366943    0.4597800    0.3747569    0.5065298    0.5876210    0.3476611    0.5760052
